Mean: 250.7840161861406
Median: 247.0
Mode: [230.0]
Variance: 20785.36913247923
Standard Deviation: 144.17131868884059
Execution Time: 0.001004 seconds
