Mean: 249.77621989860583
Median: 249.0
Mode: [94.0]
Variance: 21117.27747316333
Standard Deviation: 145.31784980917976
Execution Time: 0.015364 seconds
