Mean: 149.00267347908746
Median: 147.75
Mode: [123.75]
Variance: 17007.920843018794
Standard Deviation: 130.41441961308877
Execution Time: 0.021511 seconds
